List of Vertices: (1,13,14,15,11) (1,10,8,6,9,13) (1,11,21,5,10) (2,8,10,5,3) (2,20,0,6,8) (2,3,23,20) (3,5,21,22,23) (4,7,0,20,23,22,16) (4,12,7) (4,16,19,18,12) (6,0,7,12,18,17,9) (9,17,14,13) (11,15,19,16,22,21) (14,17,18,19,15) 
  Next: (-0.381577,0.494022,0.114651) (0.0658823,-0.041446,0.0244519) (-0.381577,1.20168,-0.255374) (-0.369531,1.20168,-0.255374) (0.0587514,0.237826,0.154361) (-0.0129753,0.190788,-0.255374) (-0.381577,0.0802198,0.0301185) (-0.0689135,0.221365,0.175242) (-0.381577,0.146982,-0.255374) (-0.117585,-0.0109482,0.109682) (-0.153805,0.0843758,-0.255374) (0.114395,0.0510238,-0.0290672) (0.0175724,0.0754723,0.177606) (0.0580801,-0.0526706,0.0816215) (0.0668017,-0.032899,0.113911) (0.113168,0.0567971,0.0802949) (0.0768696,0.264533,0.142698) (0.0217638,0.00628295,0.16503) (0.0193001,0.0648053,0.176069) (0.0815574,0.237658,0.138595) (-0.381577,1.20168,-0.137984) (0.10937,0.0802492,-0.0607321) (0.0475767,0.43342,0.0858477) (-0.322244,1.20168,-0.144957)
List of Vertices: (1,20,21,18) (1,8,0,4,14,13,20) (1,18,5,3,8) (2,7,12,9,23,14,4,6) (2,11,16,7) (2,6,10,3,5,11) (3,10,0,8) (4,0,10,6) (5,18,21,19,16,11) (7,16,19,17,15,12) (9,15,17,24,25,23) (9,12,15) (13,14,23,25,22) (13,22,24,17,19,21,20) (22,25,24) 
  Next: (-0.363362,-0.334853,-0.343575) (-0.0237129,-0.334853,-0.324554) (-0.0993705,0.125061,0.0214806) (-0.298478,-0.189152,-0.343575) (-0.363362,-0.334853,0.116436) (0.0687132,0.0384959,-0.0565742) (-0.363362,0.0653612,-0.0707225) (0.0399785,0.142292,0.0768293) (-0.071546,-0.334853,-0.343575) (0.0737815,0.000356881,0.158586) (-0.363362,-0.183182,-0.343575) (0.0762949,0.0833389,-0.00657958) (0.0642584,0.0508577,0.130636) (-0.0389531,-0.334853,0.159564) (-0.288496,-0.334853,0.150501) (0.090869,-0.016625,0.151734) (0.0850165,0.103111,0.0257102) (0.126742,-0.0716336,0.138558) (0.0771296,-0.0346455,-0.0985265) (0.170564,-0.074425,0.0479329) (0.11816,-0.334853,-0.153595) (0.161451,-0.16739,-0.0431296) (-0.00501462,-0.245807,0.196538) (-0.0162639,-0.20369,0.213035) (0.0156921,-0.208954,0.198565) (-0.0131246,-0.20707,0.211792)
List of Vertices: (1,12,13,3,11,10) (1,8,2,12) (1,10,5,9,8) (2,0,13,12) (2,8,9,4,0) (3,7,11) (3,13,0,4,6,7) (4,9,5,6) (5,10,11,7,6) 
  Next: (-0.0503378,0.240235,-0.203807) (0.0917639,0.08602,-0.00933059) (0.0720078,0.129696,-0.00916583) (-0.0792348,-0.421415,-0.203807) (-0.191168,0.133823,-0.203807) (0.013136,-0.0480668,0.0831932) (-0.354055,-0.275715,-0.203807) (-0.127123,-0.421415,-0.203807) (0.0770327,0.100471,0.022499) (0.0285199,0.00800073,0.0760181) (0.0215524,-0.121208,0.0412409) (-0.0792902,-0.421415,-0.184787) (0.0933909,0.0907073,-0.0238428) (0.0775949,0.0424381,-0.203807)
List of Vertices: (1,5,6,3) (1,0,4,8,7,5) (1,3,2,0) (2,3,6,7,8,9) (2,9,4,0) (4,9,8) (5,7,6) 
  Next: (-0.373007,-0.288014,-0.248083) (-0.308123,-0.293984,-0.248083) (-0.373007,0.17816,-0.248083) (-0.145236,0.115554,-0.248083) (-0.373007,-0.0394705,0.0247696) (0.0590682,-0.0663357,0.0389179) (0.074452,-0.0102682,0.0317428) (0.0666499,-0.0214928,0.0889125) (-0.109016,0.0202297,0.116973) (-0.373007,0.111398,0.0374095)
List of Vertices: (1,11,3,16,14,13) (1,2,20,8,10,11) (1,13,0,4,2) (2,4,21,20) (3,5,17,16) (3,11,10,7,12,5) (4,0,15,18,6,21) (5,12,23,19,17) (6,18,19,23,22) (6,22,9,8,20,21) (7,9,22,23,12) (7,10,8,9) (13,14,15,0) (14,16,17,19,18,15) 
  Next: (0.11964,-0.142969,-0.114077) (0.0778239,-0.168437,0.0217571) (-0.110062,-0.00507612,-0.0613811) (0.112858,0.0071106,0.0960148) (-0.108435,-0.00038885,-0.0758933) (0.0942285,0.0806309,0.118618) (-0.191612,0.391771,0.0853634) (-0.0926031,0.178121,0.151067) (-0.12602,0.0151477,0.0798106) (-0.157631,0.196009,0.138111) (-0.0382438,-0.0629525,0.0770553) (0.0705798,-0.160979,0.045635) (-0.0824419,0.203707,0.158679) (0.137227,-0.157142,-0.109085) (0.138112,-0.128289,-0.0853148) (0.0806733,-0.0546097,-0.0798335) (0.12609,0.0109481,0.0680541) (0.0950004,0.0871312,0.115654) (-0.18036,0.397188,0.0888726) (-0.130235,0.362065,0.119956) (-0.124793,0.00937448,-0.0295515) (-0.129818,0.0385998,-0.0612164) (-0.162319,0.222883,0.142213) (-0.113028,0.242703,0.158605)
List of Vertices: (1,8,9,6,0) (1,4,10,7,8) (1,0,14,15,5,4) (2,15,14,12) (2,11,5,15) (2,12,13,3,11) (3,10,4,5,11) (3,13,6,9,7,10) (6,13,12,14,0) (7,9,8) 
  Next: (-0.0106327,0.106841,-0.066174) (-0.0253639,0.121292,-0.0343444) (0.16862,-0.113861,0.0640601) (0.01259,-0.140166,0.130857) (-0.0265906,0.127065,0.0750177) (0.0611858,0.0489649,0.0722625) (-0.0808441,-0.100387,-0.0156025) (-0.0816789,0.0175974,0.0763444) (-0.0738767,0.028822,0.0191747) (-0.0892606,-0.0272456,0.0263498) (-0.0729573,0.0373691,0.108634) (0.10768,-0.114007,0.100668) (0.176792,-0.132326,0.039951) (0.00347725,-0.233132,0.0397944) (0.177253,-0.05652,0.0169643) (0.170009,-0.0490616,0.0408421)
List of Vertices: (1,6,7,4,2,10) (1,11,5,8,6) (1,10,12,14,11) (2,15,3,12,10) (2,4,13,17,15) (3,15,17,16) (3,16,14,12) (4,7,0,9,13) (5,11,14,16,17,13,9) (5,9,0,8) (6,8,0,7) 
  Next: (-0.0498684,-0.383396,-0.0141548) (-0.020687,0.12404,-0.00965794) (-0.034856,0.0804579,-0.204135) (0.252498,-0.0690905,-0.157743) (-0.191686,-0.383396,-0.204135) (0.166738,-0.115128,0.0964671) (-0.0908985,-0.0831884,0.0409135) (-0.191741,-0.383396,-0.185114) (-0.00657707,-0.215933,0.0963104) (0.335304,-0.383396,-0.187676) (-0.01906,0.128727,-0.0241701) (0.167199,-0.0393214,0.0734803) (0.209016,-0.0138529,-0.0623534) (0.342969,-0.383396,-0.204135) (0.226602,-0.0280264,-0.0573614) (0.261907,-0.0892421,-0.204135) (0.240503,-0.0446595,-0.0823856) (0.324615,-0.247563,-0.204135)
List of Vertices: (1,10,27,16,26,22,12) (1,3,13,11,10) (1,12,8,5,7,3) (2,8,12,22,24,25) (2,9,5,8) (2,25,23,9) (3,7,14,0,18,13) (4,15,14,7,5,9,23,21) (4,20,29,6,17,15) (4,21,20) (6,29,28,26,16) (6,16,27,19,18,0,17) (10,11,19,27) (11,13,18,19) (14,15,17,0) (20,21,23,25,24,28,29) (22,26,28,24) 
  Next: (0.517144,-0.374528,-0.127481) (-0.101828,0.0782913,0.0447478) (-0.0900613,-0.0420803,-0.181466) (0.0371401,0.0228721,0.121997) (0.239661,-0.426303,-0.352009) (-0.054401,0.0967867,-0.0738384) (0.0468622,-0.426303,-0.296938) (0.135305,0.0377712,-0.0328519) (-0.102084,0.0971565,-0.0280967) (-0.0743113,-0.0268544,-0.18093) (-0.101911,-0.0616532,0.103236) (0.0451656,-0.029004,0.146813) (-0.115316,0.0933189,-0.000136051) (0.0535678,-0.0218991,0.147111) (0.517144,-0.345006,-0.159354) (0.517144,-0.426303,-0.223717) (-0.127309,-0.118565,0.0544782) (0.517144,-0.426303,-0.193077) (0.228497,-0.173479,0.063485) (0.164223,-0.1443,0.0862582) (0.02542,-0.426303,-0.352009) (0.00706616,-0.290471,-0.352009) (-0.157594,-0.0747707,-0.0505159) (-0.0770458,-0.0875671,-0.23026) (-0.15035,-0.082229,-0.0743937) (-0.0909463,-0.070934,-0.205235) (-0.158983,-0.13957,-0.0272979) (-0.120739,-0.108284,0.0689538) (-0.150811,-0.158035,-0.051407) (0.0177556,-0.426303,-0.33555)
List of Vertices: (1,3,2,19,16,17,0) (1,4,15,7,5,3) (1,0,4) (2,10,11,8,6,18,19) (2,3,5,10) (4,0,17,6,8,13,14,15) (5,7,9,12,11,10) (6,17,16,18) (7,15,14,9) (8,11,12,13) (9,14,13,12) (16,19,18) 
  Next: (0.176704,-0.534107,-0.21584) (0.454188,-0.534107,-0.21584) (0.204469,1.13844,-0.21584) (0.454188,1.13844,-0.21584) (0.454188,-0.534107,-0.0875478) (0.454188,1.13844,-0.0858321) (-0.140002,-0.195371,-0.0940906) (0.454188,0.796116,0.00109962) (-0.137268,-0.134659,-0.0447605) (0.114329,0.3675,0.0987352) (0.175963,1.13844,-0.0950089) (0.0596367,0.743239,0.001514) (-0.00955383,0.463685,0.0702234) (-0.117357,-0.0110174,0.0623307) (0.0723488,-0.0700329,0.103317) (0.454188,-0.45281,-0.0231851) (-0.118599,-0.239954,-0.21584) (-0.0558902,-0.398275,-0.21584) (-0.128007,-0.219802,-0.169448) (-0.116634,-0.217991,-0.21584)
List of Vertices: (1,10,7,11,5,3,14) (1,12,13,2,9,10) (1,14,15,0,12) (2,8,11,7,9) (2,13,4,6,8) (3,15,14) (3,5,6,4,0,15) (4,13,12,0) (5,11,8,6) (7,10,9) 
  Next: (-0.13536,-0.0952988,-0.148173) (0.108511,-0.18961,-0.00639129) (-0.202741,0.34513,0.193049) (0.163367,-0.243036,-0.148173) (-0.263293,0.102498,-0.148173) (-0.298962,1.11339,-0.148173) (-0.619849,1.11339,-0.148173) (-0.288955,0.90094,0.0932773) (-0.572562,1.11339,-0.0377559) (-0.191489,0.350547,0.196558) (0.0695442,-0.10125,0.0278518) (-0.348923,1.11339,0.0451286) (-0.119564,-0.0470297,0.031792) (-0.140947,-0.00804099,0.0464689) (0.151994,-0.244847,-0.101781) (0.161402,-0.264999,-0.148173)
List of Vertices: (1,5,13,7,12,15,14) (1,8,11,17,6,2,5) (1,14,3,8) (2,6,16,4,10,7,13) (2,13,5) (3,11,8) (3,14,15,9,4,16,17,11) (4,9,0,10) (6,17,16) (7,10,0,12) (9,15,12,0) 
  Next: (0.0546978,-0.228119,-0.0198538) (0.384563,1.08906,-0.0457963) (-0.370362,1.08906,-0.166627) (0.203576,0.885434,0.0631497) (-0.00185611,-0.125587,0.00939736) (0.413069,1.08906,-0.166627) (-0.420324,1.08906,0.0266742) (0.0805933,-0.269183,-0.120236) (0.208911,1.08906,0.040126) (0.0555829,-0.199266,0.003916) (0.037111,-0.213946,-0.0248457) (-0.0439481,1.08906,0.0802161) (0.0685984,-0.244753,-0.044878) (0.0919665,-0.267372,-0.166627) (0.268237,0.693857,0.0507266) (0.0713329,-0.18404,0.00445211) (-0.360355,0.876604,0.0748229) (-0.306672,1.08906,0.0858912)
List of Vertices: (1,5,12,13,11) (1,14,15,6,7,5) (1,11,8,4,0,14) (2,10,15,14,0) (2,4,8,3,9,7,6,10) (2,0,4) (3,13,12,9) (3,8,11,13) (5,7,9,12) (6,15,10) 
  Next: (-0.263603,0.328113,0.145057) (0.0117572,0.0180561,0.171838) (-0.361069,0.878506,0.0417768) (0.0706191,-0.182138,-0.028594) (-0.00256994,-0.123685,-0.0236487) (0.188216,0.403822,0.093178) (-0.044662,1.09096,0.0471701) (0.202863,0.887336,0.0301036) (0.0548691,-0.197364,-0.0291301) (0.267523,0.695759,0.0176806) (-0.307385,1.09096,0.0528451) (0.0428467,-0.0581269,0.124239) (0.198333,0.416206,0.0863899) (0.0905294,-0.0584967,0.0784972) (-0.213478,0.29299,0.176141) (-0.253253,1.09096,0.0830429)
List of Vertices: (1,2,9,8) (1,13,15,6,2) (1,8,25,0,19,5,13) (2,6,14,23,9) (3,14,6,15,16,17) (3,7,22,23,14) (3,17,12,7) (4,21,20,11,10) (4,16,15,13,5,21) (4,10,12,17,16) (5,19,20,21) (7,12,10,11,18,22) (8,9,23,22,18,24,25) (11,20,19,0,24,18) (24,0,25) 
  Next: (-0.251977,-0.159042,0.085209) (0.205074,-0.159042,-0.476753) (0.0365078,0.109226,-0.19261) (-0.0220496,0.16147,0.0250391) (0.0384337,0.0495114,0.137178) (0.129488,-0.159042,0.0160868) (0.0283355,0.127691,-0.168501) (-0.0915405,0.137588,0.0224824) (-0.180098,-0.159042,-0.303232) (-0.136807,0.0084204,-0.192767) (-0.00869173,0.126248,0.111126) (-0.0394812,0.0857222,0.130639) (-0.0140247,0.162245,0.0640701) (0.234181,-0.159042,-0.438141) (-0.0326043,0.127545,-0.131893) (0.0600099,0.148696,-0.0867249) (0.0522699,0.153402,-0.0593243) (-0.00534419,0.166521,0.0391387) (-0.282566,-0.033143,0.0489278) (-0.129389,-0.159042,0.13748) (-0.0129581,0.0213868,0.153823) (0.0393196,0.0453913,0.138747) (-0.171516,0.104177,-0.0110791) (-0.127694,0.101386,-0.101704) (-0.303273,-0.0699965,0.0469008) (-0.337211,-0.159042,0.00992661)
List of Vertices: (1,10,3) (1,12,9,8,2,10) (1,3,16,17,13,12) (2,4,0,16,3,10) (2,8,6,5,7,4) (4,7,11,15,13,17,0) (5,6,9,12,13,15,14) (5,14,11,7) (6,8,9) (11,14,15) (16,0,17) 
  Next: (-0.0885618,0.103713,-0.120969) (-0.103046,0.0015252,0.1073) (-0.019084,-0.204025,-0.0181569) (-0.110138,0.00452812,0.102934) (0.0856093,-0.204025,-0.472385) (0.555891,-0.204025,-0.071556) (0.487302,-0.204025,-0.0107734) (0.555891,-0.204025,-0.368524) (0.165866,-0.204025,0.0405603) (0.116493,-0.0507789,0.138292) (-0.109252,0.000407972,0.104503) (0.555891,-0.15225,-0.302928) (0.0919458,-0.0353222,0.141938) (0.20297,0.0779781,-0.0891888) (0.555891,-0.119752,-0.170288) (0.267244,0.0487988,-0.111962) (-0.0963019,0.108418,-0.0935681) (-0.0819922,0.113994,-0.106493)
List of Vertices: (1,8,9) (1,4,6,3,11,8) (1,9,12,13,5,2,4) (2,7,6,4) (2,5,0,7) (3,0,5,13,10,11) (3,6,7,0) (8,11,10,12,9) (10,13,12) 
  Next: (-0.139196,-0.0793254,0.206133) (-0.0495488,0.126225,-0.0612067) (-0.108033,0.101103,-0.0489276) (0.219363,-0.0793254,-0.127947) (-0.0557551,0.125108,-0.0640038) (-0.0835106,0.0202534,0.187864) (0.034413,-0.0793254,-0.186664) (-0.224464,-0.0793254,-0.0652704) (0.145443,0.0893778,-0.0265695) (0.0772943,0.139834,0.0203828) (0.102019,0.131617,0.0525925) (0.16999,0.073921,-0.0302147) (0.0974216,0.134493,0.0531864) (0.0983015,0.13348,0.056685)
List of Vertices: (1,9,15,14) (1,8,10,4,7,5,13,9) (1,14,18,16,8) (2,10,8,16,11) (2,4,10) (2,11,20,19,3,6,7,4) (3,19,0) (3,0,17,12,13,5,6) (5,7,6) (9,13,12,15) (11,16,18,21,20) (12,17,21,18,14,15) (17,0,19,20,21) 
  Next: (0.117417,0.118696,-0.0877333) (-0.28346,0.163263,0.118817) (-0.208593,-0.416972,-0.0251001) (0.119881,0.0601734,-0.0987721) (-0.28346,-0.416972,-0.0591658) (-0.28346,0.13411,-0.233684) (-0.0194682,0.0429422,-0.154121) (-0.28346,-0.0167579,-0.246324) (-0.28346,-0.277115,0.109032) (-0.28346,0.482766,-0.0683391) (-0.28346,-0.416972,-0.0112698) (0.0636384,-0.285809,0.0374334) (0.0292036,0.275256,-0.0885603) (-0.28346,0.547912,-0.149151) (-0.00407242,0.0588292,0.160919) (-0.0278645,0.162757,0.101666) (0.0240725,-0.150965,0.160733) (0.115689,0.129363,-0.0861968) (0.0507034,-0.0390555,0.167454) (0.144161,-0.0312614,-0.0449652) (0.153684,-0.0817622,-0.0170155) (0.14677,-0.0330302,0.0156711)
List of Vertices: (1,2,5) (1,15,6,4,11,10,2) (1,5,3,0,14,15) (2,10,12,7,3,5) (3,7,8,9,0) (4,9,8,13,11) (4,6,14,0,9) (6,15,14) (7,12,13,8) (10,11,13,12) 
  Next: (0.173069,-0.00223263,0.0585712) (0.00412905,0.199547,-0.209772) (-0.123536,0.183086,-0.188891) (-0.00596943,-0.1252,-0.08466) (0.0701876,0.00329251,0.131728) (-0.03705,0.0371928,-0.186528) (0.194147,0.0458799,0.0656813) (-0.102036,-0.131225,0.0671227) (-0.0643815,-0.100017,0.117634) (0.0484342,-0.0441705,0.125373) (-0.180604,0.0705867,0.00133458) (-0.037203,8.94779e-05,0.13098) (-0.156812,-0.0333407,0.0605883) (-0.0801042,-0.0553362,0.123507) (0.194863,0.0423396,0.0636003) (0.186838,0.0550002,0.0495642)
List of Vertices: (1,8,5,4,3) (1,0,6,13,8) (1,3,7,0) (2,9,5,8,13,12) (2,10,11,7,3,4,9) (2,12,10) (4,5,9) (6,11,10,12,13) (6,0,7,11) 
  Next: (0.0168564,0.00540106,-0.105118) (0.0633506,-0.157571,-0.0767124) (-0.138045,-0.0584476,0.0361795) (0.0739054,-0.123646,0.0802197) (0.00441445,-0.147528,0.077663) (-0.075561,-0.180939,0.0441015) (-0.07092,0.0835013,-0.102363) (-0.037503,0.246474,-0.0311062) (-0.0317393,-0.18373,-0.0465237) (-0.111434,-0.12593,0.0572772) (-0.164788,0.0915095,-0.00658852) (-0.102531,0.264362,-0.0440627) (-0.162325,0.0329871,-0.0176273) (-0.117287,-0.00619476,-0.0687464)
List of Vertices: (1,21,20,15) (1,13,0,4,14,22,17,21) (1,15,8,11,9,12,13) (2,5,9,11,10) (2,6,3,14,4,5) (2,10,7,6) (3,23,22,14) (3,6,7,19,18,23) (4,0,12,9,5) (7,10,11,8,19) (8,15,20,16,18,19) (12,0,13) (16,17,22,23,18) (16,20,21,17) 
  Next: (-0.119538,-0.127516,-0.00659265) (0.0133977,-0.166096,0.0069411) (-0.116354,0.245963,-0.0990185) (0.0743807,0.0887554,0.174354) (-0.126452,-0.0787843,0.026094) (-0.157533,0.0836086,-0.0757739) (0.0663555,0.101416,0.160318) (-0.048945,0.292489,-0.0942899) (-0.0285197,0.227906,-0.101828) (-0.155805,0.0729416,-0.0773104) (-0.0982356,0.272669,-0.110682) (-0.0935477,0.245795,-0.114785) (-0.129062,-0.0770156,-0.0345423) (-0.102451,-0.144498,-0.0134447) (0.0525864,0.0441832,0.169325) (0.0828886,-0.142214,0.00949787) (0.127015,-0.0910141,0.0451199) (0.12066,-0.082202,0.100057) (0.100555,0.0830112,0.0149907) (-0.0183584,0.253493,-0.0942162) (0.099594,-0.137163,0.0235975) (0.0909135,-0.141439,0.0485288) (0.0995727,0.011637,0.160595) (0.0887305,0.071131,0.170519)
List of Vertices: (1,10,12,18) (1,0,11,6,2,10) (1,18,19,7,9,21,16,0) (2,23,22,12,10) (2,6,3,17,15,8,23) (3,6,11,16,21,20) (3,20,14,17) (4,8,15,13) (4,7,19,22,23,8) (4,13,5,9,7) (5,13,15,17,14) (5,14,20,21,9) (11,0,16) (12,22,19,18) 
  Next: (0.0601704,-0.0579953,-0.144332) (0.137686,-0.0333379,-0.102744) (0.11223,-0.109861,-0.0361752) (-0.159672,-0.226842,-0.104659) (-0.0252759,0.110346,0.0848546) (-0.175746,0.023291,0.0266039) (-0.130855,-0.228726,-0.117886) (0.099359,0.152284,0.0180524) (-0.0636185,-0.026524,0.147588) (-0.0796795,0.0293164,-0.125179) (0.143019,-0.0693353,-0.0556883) (-0.019805,-0.0914062,-0.177893) (0.174973,0.0309716,-0.0300885) (-0.138092,0.0544992,0.0771153) (-0.202377,-0.0886187,0.019883) (-0.119619,-0.0464685,0.139434) (-0.0556783,-0.0363976,-0.164717) (-0.120528,-0.0474898,0.138301) (0.167433,0.0258987,-0.0512153) (0.146345,0.119738,0.0093225) (-0.162811,-0.223463,-0.103416) (-0.0727657,-0.0194156,-0.157865) (0.170969,0.0775815,0.0132882) (0.0730357,-0.0308553,0.0914631)
List of Vertices: (1,4,17,5,8,11,3) (1,0,9,4) (1,3,7,13,2,0) (2,15,9,0) (2,13,6,10,14,15) (3,11,12,7) (4,9,15,14,16,17) (5,17,16) (5,16,14,10,8) (6,13,7,12) (6,12,11,8,10) 
  Next: (-0.0409181,-0.00983025,-0.0979398) (0.0679055,-0.107857,-0.12936) (-0.0952774,0.231243,-0.0239279) (0.110183,0.0602328,-0.0789803) (0.066516,-0.172656,-0.106142) (0.10476,-0.14137,-0.00989047) (0.0337975,0.0863478,0.0928909) (0.0915542,0.133753,-0.0563775) (0.123589,-0.0947393,0.0243922) (0.00557616,-0.172802,-0.0695341) (0.0602576,-0.0876775,0.12302) (0.123672,0.0452051,-0.0340964) (0.105694,0.104985,-0.0301909) (-0.0851161,0.25683,-0.016316) (0.0328363,-0.133827,0.101498) (0.0161309,-0.138878,0.087398) (0.0904503,-0.146946,0.00303458) (0.0981904,-0.151651,-0.024366)
List of Vertices: (1,5,2,8) (1,3,4,7,5) (1,8,11,6,3) (2,5,7,9) (2,9,0,10,11,8) (3,6,12,13,4) (4,13,0,9,7) (6,11,10,12) (10,0,13,12) 
  Next: (-0.130888,-0.0156554,-0.0572114) (0.00346319,0.000916581,0.113663) (0.106501,-0.0750407,-0.0619665) (-0.0299803,0.0374573,0.101203) (0.0144813,0.446293,-0.0882723) (0.148481,0.362493,-0.0665486) (-0.14861,0.0252594,0.0195387) (0.0245983,0.458677,-0.0950604) (0.00833588,-0.0899398,0.0928821) (-0.0832052,-0.0160251,-0.102953) (-0.14412,-0.0194929,-0.0292507) (-0.130632,-0.0345206,0.0156331) (-0.162749,0.0540274,-0.0066479) (-0.161977,0.0605276,-0.00961201)
List of Vertices: (1,4,8,11,14) (1,10,0,3,5,4) (1,14,7,15,10) (2,0,10,15,13,6) (2,3,0) (2,6,9,5,3) (4,5,9,8) (6,13,12,11,8,9) (7,12,13,15) (7,14,11,12) 
  Next: (-0.11019,-0.0745765,0.0665627) (-0.103446,0.0323165,-0.134306) (0.0166528,-0.0609676,0.148152) (0.0848013,-0.111424,0.1012) (-0.0891366,0.037892,-0.147231) (0.195826,0.00187649,-0.129926) (-0.0652061,0.124708,0.105626) (-0.169741,0.0411603,-0.0109113) (-0.0703081,0.084523,-0.112948) (0.0767683,0.117172,-0.0693719) (-0.117282,-0.0715735,0.0621968) (-0.133639,0.0915848,-0.0143203) (-0.139994,0.100397,0.0406172) (-0.132454,0.10547,0.0617441) (-0.16106,0.0454357,-0.0358427) (-0.164408,0.00516298,0.0361443)
List of Vertices: (1,5,10,6,20,13) (1,3,4,5) (1,13,11,2,8,3) (2,11,9,14,15) (2,15,17,0,8) (3,8,0,19,16,4) (4,16,21,10,5) (6,10,21,23,22) (6,22,12,20) (7,23,21,16,19,18) (7,14,9,12,22,23) (7,18,17,15,14) (9,11,13,20,12) (17,18,19,0) 
  Next: (0.100984,0.0398797,-0.0338212) (-0.115336,0.0357195,0.16388) (-0.0510883,0.0642225,-0.127945) (0.0440568,0.0664566,0.0534087) (0.0921197,0.0130982,0.0738862) (-0.0889065,0.00853567,0.173287) (-0.099344,-0.0679452,0.144707) (0.113883,-0.102853,-0.0297861) (0.0675409,0.0764204,-0.0462816) (-0.0965248,-0.12844,0.0252655) (-0.0696704,-0.0560339,0.167366) (-0.122985,0.0455851,-0.00486372) (-0.10288,-0.119628,0.080203) (-0.13481,0.0337049,0.150664) (-0.0331937,-0.135502,-0.0733624) (-0.0331107,0.00444247,-0.131851) (0.13915,-0.0249683,0.0508619) (0.105857,-0.0509767,-0.0546021) (0.122285,-0.0957479,-0.0294878) (0.142097,-0.0261561,0.0457746) (-0.123967,-0.0257891,0.140741) (-0.0275993,-0.0936297,0.147022) (-0.0953394,-0.114555,0.10133) (-0.0280918,-0.0953166,0.145212)
List of Vertices: (1,2,6,13,14,10,15) (1,8,7,9,5,2) (1,15,8) (2,5,11,4,6) (3,17,16,12) (3,14,13,4,11,17) (3,12,0,10,14) (4,13,6) (5,9,16,17,11) (7,8,15,10,0) (7,0,12,16,9) 
  Next: (-0.0129564,-0.000597962,-0.118104) (0.146567,-0.0378289,-0.103901) (0.146216,-0.0394944,-0.100285) (-0.18837,0.018047,0.0171982) (0.0466033,-0.0574579,0.13195) (-0.1026,-0.122684,-4.00025e-05) (0.0852147,-0.046106,0.0968908) (0.0340744,-0.0386645,-0.141128) (0.0513321,-0.037219,-0.138374) (-0.132675,-0.107326,-0.0449681) (0.080514,0.0663959,-0.0601858) (-0.0969377,-0.115975,0.0579869) (-0.193983,-0.00516052,-0.018703) (0.0393845,0.0235154,0.131329) (-0.0098333,0.135972,0.11086) (0.131681,-0.00556027,-0.107433) (-0.174746,-0.0697301,-0.0246246) (-0.150948,-0.0777272,0.0323816)
List of Vertices: (1,5,11,18,19,4) (1,9,8,5) (1,4,2,9) (2,6,17,15,13,10,8,9) (2,4,19,0,7,6) (3,16,17,6,7) (3,12,16) (3,7,0,18,11,10,13,14,12) (5,8,10,11) (12,14,15,17,16) (13,15,14) (18,0,19) 
  Next: (0.381897,-0.445326,-0.090519) (5.7739e-05,-0.0655248,-0.12853) (0.381897,0.800624,-0.230747) (0.13531,-0.0981122,0.157786) (0.381897,-0.448302,-0.255032) (-0.0981073,-0.0804239,0.0263188) (0.381897,0.466665,0.0282002) (0.381897,-0.261569,0.0889472) (-0.10298,0.0104325,0.0470997) (0.042038,0.372009,-0.133112) (-0.0618673,-0.0556033,0.126696) (-0.0816797,-0.125195,0.0514332) (0.0707607,-0.0635387,0.167783) (-0.0475563,-0.05297,0.134537) (0.0476786,-0.0535799,0.16901) (0.0327925,-0.0213113,0.165478) (0.106942,-0.0771411,0.165524) (0.241628,0.258876,0.0924475) (0.0932499,-0.276775,-0.0321929) (0.381897,-0.477824,-0.223159)
List of Vertices: (1,19,18,11) (1,5,3,22,24,25,8,20,19) (1,11,12,17,10,0,5) (2,9,4,15,14) (2,16,17,12,9) (2,14,6,24,22,23,7,16) (3,23,22) (3,5,0,13,7,23) (4,18,19,20,21,15) (4,9,12,11,18) (6,25,24) (6,14,15,21,8,25) (7,13,10,17,16) (8,21,20) (10,13,0) 
  Next: (0.453724,-0.339095,-0.186846) (0.165077,-0.0862708,-0.227252) (-0.0582433,-0.125276,0.106403) (0.453724,-0.0710643,-0.106112) (-0.16023,0.0657404,0.0310738) (0.453724,-0.254821,-0.285578) (0.119154,0.135259,-0.0224327) (0.453724,-0.287963,-0.00468541) (0.0242704,0.137534,-0.060522) (-0.0783706,-0.119936,0.0735998) (0.385134,-0.339095,-0.126063) (0.100802,-0.0570915,-0.204479) (-0.0102221,-0.170392,0.0266475) (0.453724,-0.339095,-0.100512) (-0.129661,0.0520695,0.0778121) (-0.159737,0.0674274,0.032884) (-0.053646,-0.128153,0.10581) (0.0143256,-0.185849,0.0230024) (-0.0182551,0.0582043,-0.143924) (-0.00985297,0.0653092,-0.143626) (0.00995938,0.134901,-0.0683635) (0.00701272,0.136089,-0.0632762) (0.207136,0.092392,-0.0372733) (0.453724,-0.105569,-0.0566825) (0.142587,0.126966,-0.027276) (0.119505,0.136924,-0.0260492)
List of Vertices: (1,5,12,0,11) (1,9,7,6,13,5) (1,11,10,9) (2,8,17,16,4) (2,14,7,9,10,8) (2,4,3,15,14) (3,16,17,0,12,13,6,15) (3,4,16) (5,13,12) (6,7,14,15) (8,10,11,0,17) 
  Next: (-0.157271,0.0264795,-0.011952) (-0.0699273,-0.109506,0.240224) (0.0763678,0.0876033,0.0705108) (0.179527,0.0668021,-0.127037) (0.15116,0.0877732,-0.119299) (-0.0849724,-0.15188,0.020138) (0.426114,-0.313553,-0.0944495) (0.426114,-0.257164,0.172896) (0.030544,0.103057,0.0849788) (0.00215374,-0.114754,0.307288) (-0.00806745,0.0917054,0.120038) (-0.151608,0.0331887,0.0460749) (-0.0858524,-0.150866,0.0166394) (-0.0812551,-0.153743,0.0160455) (0.426114,-0.226192,0.143836) (0.426114,-0.131159,-0.146447) (0.114978,0.101376,-0.11704) (0.0915449,0.109669,-0.112197)
List of Vertices: (1,14,13,9,29,12,16) (1,5,17,8,7,18,14) (1,16,20,5) (2,0,10,17,5,20,21) (2,27,28,29,9,3,19,0) (2,21,26,11,27) (3,9,13,24,25) (3,25,15,22,6,19) (4,6,22,7,8) (4,10,0,19,6) (4,8,17,10) (7,22,15,23,18) (11,26,12,29,28) (11,28,27) (12,26,21,20,16) (13,14,18,23,24) (15,25,24,23) 
  Next: (-0.432279,1.04768,-0.569383) (0.190758,-0.0607295,-0.0177019) (-0.372946,1.04768,-0.576357) (0.265821,1.04768,0.474456) (-0.432279,0.274866,-0.235936) (0.00804911,0.0838172,-0.277039) (-0.432279,0.654899,-0.116518) (-0.0332829,-0.11564,0.0637141) (-0.176684,-0.0451429,-0.0659315) (0.242204,1.04768,0.0873141) (-0.432279,0.340013,-0.316748) (-0.0893395,0.835221,-0.445323) (0.0582512,0.249705,-0.310959) (0.210307,-0.0427064,0.0251038) (0.198067,-0.0698497,-0.00158479) (0.141806,0.244927,0.344676) (0.0754578,0.130344,-0.27231) (-0.119616,0.0673561,-0.256157) (0.0741077,-0.112437,0.0644618) (-0.432279,1.04768,-0.103231) (0.0261672,0.110523,-0.288702) (-0.00312567,0.279411,-0.345552) (0.109373,0.208593,0.316608) (0.169993,0.0347028,0.178713) (0.214839,-0.000495221,0.0815507) (0.259064,0.81721,0.461068) (0.00812622,0.284828,-0.342043) (-0.149308,1.04768,-0.493472) (-0.0356559,1.04768,-0.434255) (0.0184764,1.04768,-0.404057)
List of Vertices: (1,8,12,15,13,10) (1,20,22,21,6,8) (1,10,5,23,20) (2,11,23,5,3,9) (2,21,22,11) (2,9,19,17,6,21) (3,16,18,19,9) (3,5,10,13,14,0,7,16) (4,17,19,18,7,0) (4,12,8,6,17) (4,0,14,15,12) (7,18,16) (11,22,20,23) (13,15,14) 
  Next: (0.11674,-0.115565,0.0439213) (-0.052476,-0.0472805,-0.0869176) (0.187619,1.04869,-0.448413) (0.465844,0.706371,-0.352304) (0.0655732,-0.0436088,0.0911684) (0.125986,0.277755,-0.254669) (-0.100871,1.04869,0.116417) (0.325576,0.164622,-0.0291095) (-0.07596,-0.0572442,0.0127727) (0.465844,1.04869,-0.439236) (-0.0190325,-0.0838212,-0.0744572) (0.0712932,0.653493,-0.35189) (-0.0278972,-0.110603,0.0332502) (0.0220802,-0.149857,0.00513857) (0.0363913,-0.147224,0.01298) (0.0191336,-0.148669,0.0102259) (0.465844,0.372411,-0.0933567) (0.161266,1.04869,0.258939) (0.465844,0.61735,-0.0229353) (0.465844,1.04869,0.0671158) (-0.00801435,0.361556,-0.276392) (0.0119666,1.04869,-0.362491) (0.00663225,0.84507,-0.339467) (0.00210264,0.37394,-0.283181)
List of Vertices: (1,3,5,11,21,18) (1,0,8,7,2,3) (1,18,17,9,0) (2,5,3) (2,7,19,11,5) (4,21,11,19,10,20,6) (4,12,17,18,21) (4,6,13,14,16,12) (6,20,13) (7,8,15,10,19) (8,0,9,16,14,15) (9,17,12,16) (10,15,14,13,20) 
  Next: (0.0857998,-0.0472191,-0.0543377) (0.130261,0.361617,-0.243813) (0.150242,1.04876,-0.329911) (0.144908,0.845131,-0.306887) (-0.254226,0.131424,-0.122201) (-0.102617,1.04876,-0.289821) (-0.138926,-0.0596496,0.132408) (0.0374046,1.04876,0.148997) (0.0623157,-0.0571828,0.0453525) (-0.0328295,-0.059417,-0.136002) (-0.119377,-0.0416265,0.175213) (-0.311208,1.04876,-0.253948) (-0.22364,0.0924276,-0.122127) (-0.1309,-0.0723101,0.146444) (-0.116551,-0.0899346,0.142608) (-0.0970775,-0.0879199,0.155824) (-0.104726,-0.0780543,-0.0129199) (-0.0469693,-0.030649,-0.162188) (-0.0461973,-0.0241488,-0.165152) (-0.0874798,1.04876,0.237424) (-0.131617,-0.0687698,0.148525) (-0.271433,0.250785,-0.16085)
List of Vertices: (1,7,6,3) (1,8,9,5,7) (1,3,2,4,8) (2,10,0,11,4) (2,3,6,15,13,10) (4,11,9,8) (5,9,11,0,12) (5,12,14,15,6,7) (10,13,14,12,0) (13,15,14) 
  Next: (-0.207613,-0.0319356,0.0505979) (0.115612,-0.0338564,-0.000867151) (-0.050832,1.05845,0.0243813) (0.211305,1.05845,0.166904) (-0.0259208,-0.0474919,-0.0792629) (-0.153271,-0.0822054,0.0765168) (-0.0573779,1.05845,0.613656) (0.0252651,0.0357197,0.170179) (0.022142,-0.10085,-0.0587853) (-0.158884,-0.105413,0.0406156) (-0.175716,1.05845,0.112808) (-0.185314,-0.078229,0.0312085) (-0.203082,0.0102756,0.107045) (-0.1521,1.05845,0.49995) (-0.158856,0.827981,0.486563) (-0.105772,1.05845,0.602713)
List of Vertices: (1,17,12) (1,18,21,19,5,11,15,16,17) (1,12,13,3,2,4,18) (2,6,10,8,23,7,4) (2,3,0,6) (3,13,9,14,0) (4,7,22,20,21,18) (5,19,20,22,23,8) (5,8,10,11) (6,0,14,15,11,10) (7,23,22) (9,13,12,17,16) (9,16,15,14) (19,21,20) 
  Next: (-0.344905,0.00899558,-0.223584) (0.0647375,-0.130861,-0.273372) (-0.344905,-0.130861,0.247168) (-0.344905,-0.130861,-0.343886) (0.336829,-0.130861,0.932421) (0.121361,0.146121,0.0932409) (-0.344905,0.0212075,-0.0544015) (0.333178,-0.0252134,0.719239) (0.158339,0.1252,0.24521) (0.00219291,0.000301872,-0.295183) (0.0303811,0.175709,0.0164269) (0.0452985,0.176766,-0.0511927) (-0.0204963,-0.130861,-0.348654) (-0.270039,-0.130861,-0.357717) (-0.0373729,0.135146,-0.171884) (0.044476,0.176275,-0.0534657) (0.00533222,-0.00307798,-0.296426) (0.0134422,-0.0418153,-0.31168) (0.25861,-0.130861,0.162273) (0.29155,0.0213067,0.367799) (0.308926,0.0102515,0.420963) (0.301587,-0.00237495,0.369886) (0.322117,0.00811092,0.554434) (0.303967,0.0257025,0.588906)
List of Vertices: (1,4,17,16) (1,0,7,8,3,4) (1,16,15,14,6,0) (2,13,12) (2,9,7,0,6,11,13) (2,12,10,14,15,5,3,8,9) (3,5,17,4) (5,15,16,17) (6,14,10,11) (7,9,8) (10,12,13,11) 
  Next: (0.0750514,0.0361435,-0.137966) (0.101575,-0.0281918,-0.114781) (-0.157706,0.0985148,0.0365105) (-0.137445,-0.208621,-0.183395) (-0.0148566,-0.208621,-0.131124) (0.0564278,-0.208621,0.252249) (0.0358575,0.115149,-0.0103273) (-0.168033,-0.0827217,-0.219677) (-0.18874,-0.119575,-0.221704) (-0.19685,-0.0808378,-0.20645) (-0.0808208,0.0683608,0.183217) (-0.100797,0.119481,0.0457972) (-0.156884,0.0990062,0.0387834) (-0.156797,0.0995361,0.0376434) (0.0893682,-0.0564531,0.457775) (0.0994048,-0.0801348,0.459862) (0.126097,-0.109042,0.12201) (0.0704118,-0.208621,0.140279)
List of Vertices: (1,10,14,15,5) (1,6,9,19,21,16,4,3,10) (1,5,6) (2,17,11) (2,13,12,4,16,20,17) (2,11,18,8,7,13) (3,4,12,0) (3,0,14,10) (5,15,7,8,9,6) (7,15,14,0,12,13) (8,18,19,9) (11,17,20,21,19,18) (16,21,20) 
  Next: (0.512348,0.0633528,0.105292) (0.443758,-0.0441677,-0.283432) (-0.160356,0.125848,0.474013) (0.512348,-0.0441677,0.585955) (0.0591559,-0.0441677,1.41014) (0.0729497,0.109079,-0.134366) (0.122322,-0.0441677,-0.232098) (0.00126076,0.168638,-0.0474662) (-0.180551,0.0554111,0.0837124) (-0.236236,-0.0441677,0.101982) (0.512348,-0.0441677,-0.25788) (-0.199905,0.0969446,0.472641) (0.0883869,0.205763,0.239684) (0.0163059,0.211011,0.172619) (0.512348,0.00696374,-0.162054) (0.00497807,0.166774,-0.0515587) (-0.0811773,-0.0441677,1.32812) (-0.186713,0.094804,0.606112) (-0.207243,0.0843182,0.421564) (-0.25022,-0.0441677,0.213951) (-0.175653,0.0614797,0.770918) (-0.172001,-0.0441677,0.984099)
List of Vertices: (1,11,9,21,20) (1,3,4,2,6,5,11) (1,20,19,18,3) (2,10,8,13,6) (2,4,10) (3,18,17,8,10,4) (5,23,7,0,9,11) (5,6,13,12,22,23) (7,23,22) (7,22,12,16,14,15,0) (8,17,16,12,13) (9,0,15,21) (14,19,20,21,15) (14,16,17,18,19) 
  Next: (0.00337192,-0.0997108,0.506247) (0.164109,-0.055908,-0.0187303) (0.0109319,-0.0652932,-0.135921) (0.143981,-0.0505671,-0.051534) (0.0171383,-0.064176,-0.133123) (-0.0168236,-0.170148,0.115947) (-0.0413458,-0.0892977,-0.120844) (-0.0361767,-0.128614,0.504876) (-0.0370794,0.0155635,-0.163542) (0.180034,-0.0145481,0.204854) (0.010046,-0.0611731,-0.137489) (0.164989,-0.0569212,-0.0152318) (-0.107063,0.0540434,-0.0163904) (-0.0678689,-0.0249623,-0.144029) (0.0205438,0.174392,-0.0719064) (0.0443423,0.166395,-0.0149001) (-0.00912978,0.16248,-0.0945653) (-0.00512521,0.11587,-0.137942) (0.0621224,0.135109,-0.09406) (0.0626149,0.136796,-0.0922498) (0.0926905,0.121438,-0.0473217) (0.0983526,0.128147,0.0107051) (-0.0535521,-0.117559,0.451712) (-0.0435155,-0.141241,0.453799)
List of Vertices: (1,6,3,10,14) (1,12,16,8,11,5,6) (1,14,2,9,12) (2,15,0,13,4,17,9) (2,14,10,15) (3,6,5,7) (3,7,0,15,10) (4,8,16,17) (4,13,11,8) (5,11,13,0,7) (9,17,16,12) 
  Next: (-0.135818,0.0134223,0.0667755) (0.0709631,0.0374296,-0.125907) (-0.0793287,-0.0211992,-0.134128) (0.138661,0.394793,0.154307) (-0.04522,-0.167378,-0.0765424) (0.170186,-0.182546,0.509514) (0.166849,0.184569,-0.0116562) (0.131774,0.0763559,0.779238) (0.030843,-0.198023,0.0678912) (-0.063606,-0.0658802,-0.140001) (0.106229,0.35846,0.126239) (0.0678209,-0.218943,0.21986) (0.0492097,-0.0100335,-0.132262) (-0.0601374,-0.168435,-0.0089228) (-0.0364275,0.0342265,-0.126655) (-0.134953,0.024288,0.0474281) (0.0108671,-0.146903,-0.0695286) (-0.0451335,-0.166848,-0.0776825)
List of Vertices: (1,12,13) (1,8,0,7,5,14,12) (1,13,9,3,8) (2,3,9,11,6) (2,0,8,3) (2,6,4,7,0) (4,6,11,10) (4,10,15,5,7) (5,15,14) (9,13,12,14,15,10,11) 
  Next: (-0.231811,-0.201921,-0.166915) (0.271434,-0.0979276,0.132696) (-0.231811,0.116996,-0.0321984) (0.0677953,0.134438,-0.0203885) (-0.231811,-0.353989,1.26254) (0.449923,-0.353989,0.819907) (-0.231811,0.204345,1.26254) (-0.231811,-0.353989,0.134654) (0.143475,-0.0474191,-0.0960868) (0.335387,0.197372,0.692074) (0.552393,-0.353989,1.26254) (0.391466,0.238974,1.26254) (0.417062,-0.197426,0.476392) (0.373798,-0.0615306,0.42235) (0.446272,-0.248341,0.606725) (0.540747,-0.353989,1.16393)
List of Vertices: (1,8,9,11,10) (1,0,12,13,8) (1,10,7,4,0) (2,15,14) (2,5,3,11,9,6,15) (2,14,12,0,4,5) (3,7,10,11) (3,5,4,7) (6,13,12,14,15) (6,9,8,13) 
  Next: (-0.233777,-0.270173,-0.203433) (-0.233777,0.170206,-0.193649) (0.156426,-0.102402,-0.031042) (0.0658285,0.078398,0.112276) (-0.233777,-0.257961,-0.0342507) (0.141509,-0.103459,0.0365777) (0.13804,-0.000904569,-0.0945006) (-0.233777,0.0609554,0.100466) (0.0456097,0.0657721,-0.151546) (0.122317,0.0437765,-0.0886276) (-0.233777,0.180575,-0.113896) (0.0666929,0.0892637,0.0929285) (0.0737546,-0.144022,-0.151733) (0.100386,-0.0321127,-0.145012) (0.155604,-0.102894,-0.0333149) (0.156513,-0.101872,-0.032182)
List of Vertices: (1,2,24,25,13) (1,11,3,0,6,2) (1,13,14,11) (2,6,19,18,24) (3,10,22,23,16,4,0) (3,11,14,15,7,10) (4,19,6,0) (4,16,12,9,8,21,18,19) (5,17,9,12,23,22) (5,7,15,20,21,8,17) (5,22,10,7) (8,9,17) (12,16,23) (13,25,20,15,14) (18,21,20,25,24) 
  Next: (0.127812,0.0306976,-0.136846) (0.0626729,0.120436,-0.153547) (0.082146,0.122451,-0.140331) (0.0981384,0.0187863,-0.159505) (0.15161,0.0227005,-0.0798394) (-0.116473,-0.136439,0.112215) (0.108576,0.0952672,-0.130924) (-0.136449,-0.0853193,-0.0252051) (0.0228697,-0.120962,0.553837) (0.066133,-0.256857,0.60788) (0.000205446,-0.0896505,-0.0813296) (0.073515,0.0609424,-0.16347) (0.0842826,-0.274449,0.573407) (0.0483231,0.138061,-0.149711) (0.0265287,0.0934886,-0.15474) (-0.0981062,0.0515507,-0.0879382) (0.11064,-0.243405,0.441308) (-0.079495,-0.157359,0.264184) (0.0643782,0.210956,-0.0644948) (0.114189,0.118475,-0.0950228) (-0.0763528,0.0990138,-0.0815837) (0.019533,0.246154,0.0326673) (0.0537161,-0.261253,0.386773) (0.0710915,-0.272308,0.439936) (0.0598469,0.168744,-0.120942) (0.0476064,0.141601,-0.14763)
List of Vertices: (1,19,11,9,26,27,21) (1,5,13,7,8,16,10,19) (1,21,0,5) (2,18,9,11) (2,10,16,17,14,18) (2,11,19,10) (3,17,16,8) (3,15,22,24,14,17) (3,8,7,15) (4,23,6,0,21,27,20) (4,25,12,23) (4,20,26,9,18,14,24,25) (5,0,6,13) (6,23,12,22,15,7,13) (12,25,24,22) (20,27,26) 
  Next: (-0.0125592,-0.507314,1.32926) (0.116128,-0.507314,1.31267) (-0.0084028,-0.10944,-0.119003) (-0.00394149,1.16523,0.377348) (-0.191154,-0.214856,0.489068) (0.115397,-0.507314,1.32926) (-0.173486,0.085649,1.32926) (-0.0125553,1.16523,0.836533) (0.00686497,1.16523,0.395991) (-0.103383,-0.337298,0.376539) (0.135138,-0.0509236,-0.0450398) (0.0732783,-0.252135,0.0751456) (-0.222678,0.362484,0.133861) (-0.0138024,0.936448,1.32926) (-0.0998349,0.0245813,-0.159792) (-0.052336,1.16523,0.366404) (0.127919,0.0300497,-0.0456613) (0.0787016,0.142506,-0.0661295) (-0.0624131,-0.0711928,-0.144608) (0.145359,-0.257383,0.14221) (-0.147891,-0.350751,0.543111) (-0.0242049,-0.507314,1.23065) (-0.10542,0.934767,0.250254) (-0.229565,0.0440467,0.758793) (-0.149645,0.117062,-0.129264) (-0.194491,0.15226,-0.0321016) (-0.129741,-0.368342,0.508639) (-0.11868,-0.401666,0.673444)
List of Vertices: (1,10,15,14) (1,4,5,10) (1,14,9,12,0,16,17,4) (2,0,12,13,11) (2,3,7,6,16,0) (2,11,8,3) (3,8,15,10,5,7) (4,17,6,7,5) (6,17,16) (8,11,13,9,14,15) (9,13,12) 
  Next: (-0.247792,1.14244,0.384765) (-0.138529,-0.530103,1.30144) (0.189327,1.14244,0.301098) (0.314663,1.14244,0.355839) (-0.13926,-0.530103,1.31803) (0.314663,-0.530103,1.31803) (-0.244879,1.14244,1.31803) (0.314663,1.14244,1.31803) (0.314663,-0.39161,-0.0324679) (-0.119519,-0.0737123,-0.0562657) (0.314663,-0.530103,0.477255) (-0.0350837,-0.0778145,-0.105793) (-0.126738,0.00726098,-0.0568872) (-0.0809076,-0.0623604,-0.0913251) (-0.109298,-0.280172,0.130984) (0.314663,-0.422582,-0.00340803) (-0.267212,1.14244,0.825307) (-0.26846,0.91366,1.31803)
List of Vertices: (1,17,16) (1,6,0,15,7,17) (1,16,3,5,6) (2,8,3,16,17,7,14) (2,12,10,11,8) (2,14,15,0,13,12) (3,8,11,9,5) (4,9,11,10) (4,13,0,6,5,9) (4,10,12,13) (7,15,14) 
  Next: (-0.217249,1.05647,-0.363082) (0.589293,1.05647,1.28022) (0.356836,0.253717,0.0848248) (0.406028,-0.0231181,1.28022) (-0.217249,-0.0254769,-0.228878) (-0.217249,-0.0577469,1.28022) (-0.217249,1.05647,1.28022) (0.527178,1.05647,0.317368) (0.349949,-0.0647204,0.709756) (-0.217249,-0.145097,-0.0145164) (0.0832214,-0.116788,-0.0220538) (0.082357,-0.127654,-0.00270646) (0.324403,0.217384,0.0567575) (-0.217249,0.663689,-0.376369) (0.474094,0.826,0.201218) (0.480851,1.05647,0.214605) (0.565712,0.827681,1.28022) (0.566959,1.05647,0.787497)
List of Vertices: (1,2,0,6) (1,7,8,4,2) (1,6,9,7) (2,4,3,0) (3,4,8,5) (3,5,9,6,0) (5,8,7,9) 
  Next: (-0.303223,0.693209,-0.238434) (-0.0027529,-0.0872686,0.11588) (-0.303223,0.00404275,-0.0909442) (-0.303223,0.313177,-0.357853) (-0.303223,-0.00632631,-0.170697) (-0.0476283,-0.00683284,-0.187848) (0.238429,0.246904,0.194692) (0.0528715,-0.132756,-0.0656756) (-0.0238362,-0.11076,-0.128594) (0.0957727,-0.07733,-0.0582025)
List of Vertices: (1,4,9,8,5) (1,3,4) (1,5,7,2,11,0,3) (2,6,8,9,10,11) (2,7,6) (3,0,10,9,4) (5,8,6,7) (10,0,11) 
  Next: (0.265396,0.437609,-0.320125) (0.265396,-0.325129,-0.209949) (0.265396,1.11389,0.0955872) (0.265396,-0.290625,-0.259378) (0.0188088,-0.127168,-0.19054) (0.265396,-0.420163,0.0803335) (0.14006,1.11389,0.413899) (0.265396,1.11389,0.468641) (-0.0843506,-0.106367,0.00700832) (-0.00955887,-0.106197,-0.182801) (0.125128,0.22982,-0.255878) (0.265396,0.682548,-0.249704)
List of Vertices: (1,9,2,11,7,5) (1,3,9) (1,5,15,17,0,3) (2,9,3,0,16,4) (2,4,13,10,11) (4,16,14,6,8,12,13) (5,7,8,6,15) (6,14,17,15) (7,11,10,12,8) (10,13,12) (14,16,0,17) 
  Next: (0.037451,1.08974,0.0623455) (0.342029,1.08974,0.125762) (0.201761,0.205665,-0.225703) (0.342029,1.08974,-0.129478) (-0.00707498,-0.0745223,-0.152673) (0.216693,1.08974,0.444074) (-0.0993712,-0.0454466,0.0860888) (-0.00771725,-0.130522,0.0371829) (-0.0535411,-0.115068,0.051651) (0.342029,0.658393,-0.219529) (0.0308932,-0.11675,-0.150368) (0.0670745,-0.130352,-0.152627) (0.00745984,-0.108456,-0.145525) (0.00781118,-0.106791,-0.149141) (-0.148589,0.06701,0.0656206) (-0.220426,1.08974,0.527741) (-0.0582418,-0.00256614,-0.105426) (-0.231232,1.08974,0.509098)
